

04/01_15:28
Ma trận kề:
 [[ 0.  5. 10.  9.  0.  0.  0.]
 [ 0.  0.  1.  0.  0.  0.  0.]
 [ 0.  0.  0.  0.  8.  0.  0.]
 [ 0.  0.  3.  0.  0.  0.  0.]
 [ 1.  0.  0.  0.  0. 12.  0.]
 [ 0.  0.  0.  2.  0.  0.  6.]
 [ 0.  0.  0.  0.  0. 15.  0.]]

Đường đi ngắn nhất từ đỉnh 1 đến đỉnh 4: 1 -> 4


04/01_15:35
Ma trận kề:
 [[ 0.  5. 10.  9.  0.  0.  0.]
 [ 0.  0.  1.  0.  0.  0.  0.]
 [ 0.  0.  0.  0.  8.  0.  0.]
 [ 0.  0.  3.  0.  0.  0.  0.]
 [ 1.  0.  0.  0.  0. 12.  0.]
 [ 0.  0.  0.  2.  0.  0.  6.]
 [ 0.  0.  0.  0.  0. 15.  0.]]

Đường đi ngắn nhất từ đỉnh 1 đến đỉnh 4: 1 -> 4


04/01_15:37
Ma trận kề:
 [[ 0.  5. 10.  9.  0.  0.  0.]
 [ 0.  0.  1.  0.  0.  0.  0.]
 [ 0.  0.  0.  0.  8.  0.  0.]
 [ 0.  0.  3.  0.  0.  0.  0.]
 [ 1.  0.  0.  0.  0. 12.  0.]
 [ 0.  0.  0.  2.  0.  0.  6.]
 [ 0.  0.  0.  0.  0. 15.  0.]]

Đường đi ngắn nhất từ đỉnh 1 đến đỉnh 4: 1 -> 4


04/01_15:38
Ma trận kề:
 [[ 0.  5. 10.  9.  0.  0.  0.]
 [ 0.  0.  1.  0.  0.  0.  0.]
 [ 0.  0.  0.  0.  8.  0.  0.]
 [ 0.  0.  3.  0.  0.  0.  0.]
 [ 1.  0.  0.  0.  0. 12.  0.]
 [ 0.  0.  0.  2.  0.  0.  6.]
 [ 0.  0.  0.  0.  0. 15.  0.]]

Đường đi ngắn nhất từ đỉnh 1 đến đỉnh 4: 1 -> 4


04/01_15:38
Ma trận kề:
 [[ 0.  5. 10.  9.  0.  0.  0.]
 [ 0.  0.  1.  0.  0.  0.  0.]
 [ 0.  0.  0.  0.  8.  0.  0.]
 [ 0.  0.  3.  0.  0.  0.  0.]
 [ 1.  0.  0.  0.  0. 12.  0.]
 [ 0.  0.  0.  2.  0.  0.  6.]
 [ 0.  0.  0.  0.  0. 15.  0.]]

Đường đi ngắn nhất từ đỉnh 1 đến đỉnh 4: 1 -> 4


04/01_15:56
Ma trận kề:
 [[ 0.  5. 10.  9.  0.  0.  0.]
 [ 0.  0.  1.  0.  0.  0.  0.]
 [ 0.  0.  0.  0.  8.  0.  0.]
 [ 0.  0.  3.  0.  0.  0.  0.]
 [ 1.  0.  0.  0.  0. 12.  0.]
 [ 0.  0.  0.  2.  0.  0.  6.]
 [ 0.  0.  0.  0.  0. 15.  0.]]

Đường đi ngắn nhất từ đỉnh 1 đến đỉnh 4: 1 -> 4


04/01_15:57
Ma trận kề:
 [[ 0.  5. 10.  9.  0.  0.  0.]
 [ 0.  0.  1.  0.  0.  0.  0.]
 [ 0.  0.  0.  0.  8.  0.  0.]
 [ 0.  0.  3.  0.  0.  0.  0.]
 [ 1.  0.  0.  0.  0. 12.  0.]
 [ 0.  0.  0.  2.  0.  0.  6.]
 [ 0.  0.  0.  0.  0. 15.  0.]]

Đường đi ngắn nhất từ đỉnh 1 đến đỉnh 4: 1 -> 4


04/01_15:57
Ma trận kề:
 [[ 0.  5. 10.  9.  0.  0.  0.]
 [ 0.  0.  1.  0.  0.  0.  0.]
 [ 0.  0.  0.  0.  8.  0.  0.]
 [ 0.  0.  3.  0.  0.  0.  0.]
 [ 1.  0.  0.  0.  0. 12.  0.]
 [ 0.  0.  0.  2.  0.  0.  6.]
 [ 0.  0.  0.  0.  0. 15.  0.]]

Đường đi ngắn nhất từ đỉnh 1 đến đỉnh 4: 1 -> 4


04/01_15:58
Ma trận kề:
 [[ 0.  5. 10.  9.  0.  0.  0.]
 [ 0.  0.  1.  0.  0.  0.  0.]
 [ 0.  0.  0.  0.  8.  0.  0.]
 [ 0.  0.  3.  0.  0.  0.  0.]
 [ 1.  0.  0.  0.  0. 12.  0.]
 [ 0.  0.  0.  2.  0.  0.  6.]
 [ 0.  0.  0.  0.  0. 15.  0.]]

Đường đi ngắn nhất từ đỉnh 1 đến đỉnh 5: 1 -> 3 -> 6 -> 5


04/01_16:00
Ma trận kề:
 [[ 0.  5. 10.  9.  0.  0.  0.]
 [ 0.  0.  1.  0.  0.  0.  0.]
 [ 0.  0.  0.  0.  8.  0.  0.]
 [ 0.  0.  3.  0.  0.  0.  0.]
 [ 1.  0.  0.  0.  0. 12.  0.]
 [ 0.  0.  0.  2.  0.  0.  6.]
 [ 4.  0.  0.  0.  0. 15.  0.]]

Đường đi ngắn nhất từ đỉnh 5 đến đỉnh 3: 5 -> 4 -> 3


04/01_16:00
Ma trận kề:
 [[ 0.  5. 10.  9.  0.  0.  0.]
 [ 0.  0.  1.  0.  0.  0.  0.]
 [ 0.  0.  0.  0.  8.  0.  0.]
 [ 0.  0.  3.  0.  0.  0.  0.]
 [ 1.  0.  0.  0.  0. 12.  0.]
 [ 0.  0.  0.  2.  0.  0.  6.]
 [ 4.  0.  0.  0.  0. 15.  0.]]

Đường đi dài nhất từ đỉnh 5 đến đỉnh 3: 5 -> 7 -> 1 -> 2 -> 3


04/01_16:01
Ma trận kề:
 [[ 0.  5. 10.  9.  0.  0.  0.]
 [ 0.  0.  1.  0.  0.  0.  0.]
 [ 0.  0.  0.  0.  8.  0.  0.]
 [ 0.  0.  3.  0.  0.  0.  0.]
 [ 1.  0.  0.  0.  0. 12.  0.]
 [ 0.  0.  0.  2.  0.  0.  6.]
 [ 0.  0.  0.  0.  0. 15.  0.]]

Đường đi ngắn nhất từ đỉnh 1 đến đỉnh 4: 1 -> 4


04/01_16:02
Ma trận kề:
 [[ 0.  5. 10.  9.  0.  0.  0.]
 [ 0.  0.  1.  0.  0.  0.  0.]
 [ 0.  0.  0.  0.  8.  0.  0.]
 [ 0.  0.  3.  0.  0.  0.  0.]
 [ 1.  0.  0.  0.  0. 12.  0.]
 [ 0.  0.  0.  2.  0.  0.  6.]
 [ 0.  0.  0.  0.  0.  0.  0.]]

Đường đi ngắn nhất từ đỉnh 1 đến đỉnh 4: 1 -> 4


04/01_16:02
Ma trận kề:
 [[ 0.  5. 10.  9.  4.  0.  0.]
 [ 0.  0.  1.  0.  0.  0.  0.]
 [ 0.  0.  0.  0.  8.  0.  0.]
 [ 0.  0.  3.  0.  0.  0.  0.]
 [ 1.  0.  0.  0.  0. 12.  0.]
 [ 0.  0.  0.  2.  0.  0.  6.]
 [ 0.  0.  0.  0.  0.  0.  0.]]

Đường đi ngắn nhất từ đỉnh 1 đến đỉnh 4: 1 -> 4


04/01_16:03
Ma trận kề:
 [[ 0.  5. 10.  9.  4.  0.  0.]
 [ 0.  0.  1.  0.  0.  0.  0.]
 [ 0.  0.  0.  0.  8.  0.  0.]
 [ 0.  0.  3.  0.  0.  0.  0.]
 [ 1.  0.  0.  0.  0. 12.  0.]
 [ 0.  0.  0.  2.  0.  0.  6.]
 [ 0.  0.  0.  0.  0.  0.  0.]]

Đường đi ngắn nhất từ đỉnh 1 đến đỉnh 4: 1 -> 4


04/01_16:03
Ma trận kề:
 [[ 0.  5. 10.  9.  4.  0.  0.]
 [ 0.  0.  1.  0.  0.  0.  0.]
 [ 0.  0.  0.  0.  8.  0.  0.]
 [ 0.  0.  3.  0.  0.  0.  0.]
 [ 1.  0.  0.  0.  0. 12.  0.]
 [ 0.  0.  0.  2.  0.  0.  6.]
 [ 0.  0.  0.  0.  0.  0.  0.]]

Đường đi ngắn nhất từ đỉnh 4 đến đỉnh 3: 4 -> 3


04/01_16:04
Ma trận kề:
 [[ 0.  5. 10.  9.  0.  0.  0.]
 [ 7.  0.  1.  0.  0.  0.  0.]
 [ 0.  0.  0.  0.  8.  0.  0.]
 [ 0.  0.  3.  0.  0.  0.  0.]
 [ 1.  0.  0.  0.  0. 12.  0.]
 [ 0.  0.  0.  2.  0.  0.  6.]
 [ 0.  0.  0.  0.  0.  0.  0.]]

Đường đi ngắn nhất từ đỉnh 1 đến đỉnh 4: 1 -> 4


04/01_16:04
Ma trận kề:
 [[ 0.  5. 10.  9.  0.  0.  0.]
 [ 7.  0.  1.  0.  0.  0.  0.]
 [ 0.  0.  0.  0.  8.  0.  0.]
 [ 0.  0.  3.  0.  0.  0.  0.]
 [ 1.  0.  0.  0.  0. 12.  0.]
 [ 0.  0.  0.  2.  0.  0.  6.]
 [ 0.  0.  0.  0.  0.  0.  0.]]

Đường đi ngắn nhất từ đỉnh 1 đến đỉnh 4: 1 -> 4


04/01_16:05
Ma trận kề:
 [[ 0.  5. 10.  9.  0.  0.  0.]
 [ 7.  0.  1.  0.  0.  0.  0.]
 [ 0.  0.  0.  0.  8.  0.  0.]
 [ 0.  0.  3.  0.  0.  0.  0.]
 [ 1.  0.  0.  0.  0. 12.  0.]
 [ 0.  0.  0.  2.  0.  0.  6.]
 [ 0.  0.  0.  0.  0.  0.  0.]]

Đường đi ngắn nhất từ đỉnh 1 đến đỉnh 4: 1 -> 4


04/01_16:05
Ma trận kề:
 [[ 0.  5. 10.  9.  0.  0.  0.]
 [ 7.  0.  1.  0.  0.  0.  0.]
 [ 0.  0.  0.  0.  8.  0.  0.]
 [ 0.  0.  3.  0.  0.  0.  0.]
 [ 1.  0.  0.  0.  0. 12.  0.]
 [ 0.  0.  0.  2.  0.  0.  6.]
 [ 0.  0.  0.  0.  0.  0.  0.]]

Đường đi ngắn nhất từ đỉnh 1 đến đỉnh 4: 1 -> 4


04/01_16:05
Ma trận kề:
 [[ 0.  5. 10.  9.  0.  0.  0.]
 [ 7.  0.  1.  0.  0.  0.  0.]
 [ 0.  0.  0.  0.  8.  0.  0.]
 [ 0.  0.  3.  0.  0.  0.  0.]
 [ 1.  0.  0.  0.  0. 12.  0.]
 [ 0.  0.  0.  2.  0.  0.  6.]
 [ 0.  0.  0.  0.  0.  0.  0.]]

Đường đi ngắn nhất từ đỉnh 1 đến đỉnh 4: 1 -> 4


04/01_16:05
Ma trận kề:
 [[ 0.  5. 10.  9.  0.  0.  0.]
 [ 7.  0.  1.  0.  0.  0.  0.]
 [ 0.  0.  0.  0.  8.  0.  0.]
 [ 0.  0.  3.  0.  0.  0.  0.]
 [ 1.  0.  0.  0.  0. 12.  0.]
 [ 0.  0.  0.  2.  0.  0.  6.]
 [ 0.  0.  0.  0.  0.  0.  0.]]

Đường đi ngắn nhất từ đỉnh 1 đến đỉnh 4: 1 -> 4


04/01_16:06
Ma trận kề:
 [[ 0.  5. 10.  9.  0.  0.  0.]
 [ 7.  0.  1.  0.  0.  0.  0.]
 [ 0.  0.  0.  0.  8.  0.  0.]
 [ 0.  0.  3.  0.  0.  0.  0.]
 [ 1.  0.  0.  0.  0. 12.  0.]
 [ 0.  0.  0.  2.  0.  0.  6.]
 [ 0.  0.  0.  0.  0.  0.  0.]]

Đường đi ngắn nhất từ đỉnh 1 đến đỉnh 6: 1 -> 3 -> 6


04/01_16:06
Ma trận kề:
 [[ 0.  5. 10.  9.  0.  0.  0.]
 [ 7.  0.  1.  0.  0.  0.  0.]
 [ 0.  0.  0.  0.  8.  0.  0.]
 [ 0.  0.  3.  0.  0.  0.  0.]
 [ 1.  0.  0.  0.  0. 12.  0.]
 [ 0.  0.  0.  2.  0.  0.  6.]
 [ 0.  0.  0.  0.  0.  0.  0.]]

Đường đi dài nhất từ đỉnh 2 đến đỉnh 7: 2 -> 1 -> 4 -> 3 -> 6 -> 5 -> 7


04/01_16:08
Ma trận kề:
 [[ 0.  5. 10.  9.  0.  0.  0.]
 [ 7.  0.  1.  0.  0.  0.  0.]
 [ 0.  0.  0.  0.  8.  0.  0.]
 [ 0.  0.  3.  0.  0.  0.  0.]
 [ 1.  0.  0.  0.  0. 12.  0.]
 [ 0.  0.  0.  2.  0.  0.  6.]
 [ 0.  0.  0.  0.  0.  0.  0.]]

Đường đi ngắn nhất từ đỉnh 1 đến đỉnh 4: 1 -> 4


04/01_16:08
Ma trận kề:
 [[ 0.  5. 10.  9.  0.  0.  0.]
 [ 7.  0.  1.  0.  0.  0.  0.]
 [ 0.  0.  0.  0.  8.  0.  0.]
 [ 0.  0.  3.  0.  0.  0.  0.]
 [ 1.  0.  0.  0.  0. 12.  0.]
 [ 0.  0.  0.  2.  0.  0.  6.]
 [ 0.  0.  0.  0.  0.  2.  0.]]

Đường đi ngắn nhất từ đỉnh 1 đến đỉnh 4: 1 -> 4


04/01_16:09
Ma trận kề:
 [[ 0.  5. 10.  9.  0.  0.  0.]
 [ 7.  0.  1.  0.  0.  0.  0.]
 [ 0.  0.  0.  0.  8.  0.  0.]
 [ 0.  0.  3.  0.  0.  0.  0.]
 [ 1.  0.  0.  0.  0. 12.  0.]
 [ 0.  0.  0.  2.  0.  0.  6.]
 [ 0.  0.  0.  0.  0.  2.  0.]]

Đường đi ngắn nhất từ đỉnh 1 đến đỉnh 4: 1 -> 4


04/01_16:09
Ma trận kề:
 [[ 0.  5. 10.  9.  0.  0.  0.]
 [ 0.  0.  1.  0.  0.  0.  0.]
 [ 0.  0.  0.  0.  8.  0.  0.]
 [ 0.  0.  3.  0.  0.  0.  0.]
 [ 1.  0.  0.  0.  0. 12.  0.]
 [ 0.  0.  0.  2.  0.  0.  6.]
 [ 0.  0.  0.  0.  0.  2.  0.]]

Đường đi ngắn nhất từ đỉnh 1 đến đỉnh 4: 1 -> 4


04/01_16:10
Ma trận kề:
 [[ 0.  5. 10.  9.  6.  0.  0.]
 [ 0.  0.  1.  0.  0.  0.  0.]
 [ 0.  0.  0.  0.  8.  0.  0.]
 [ 0.  0.  3.  0.  0.  0.  0.]
 [ 1.  0.  0.  0.  0. 12.  0.]
 [ 0.  0.  0.  2.  0.  0.  6.]
 [ 0.  0.  0.  0.  0.  2.  0.]]

Đường đi ngắn nhất từ đỉnh 1 đến đỉnh 4: 1 -> 4


04/01_16:10
Ma trận kề:
 [[ 0.  5. 10.  9.  0.  0.  0.]
 [ 0.  0.  1.  0.  0.  0.  0.]
 [ 0.  0.  0.  0.  8.  0.  0.]
 [ 0.  0.  3.  0.  0.  0.  0.]
 [ 1.  0.  0.  0.  0. 12.  0.]
 [ 0.  0.  0.  2.  0.  0.  6.]
 [ 0.  0.  0.  0.  0.  2.  0.]]

Đường đi ngắn nhất từ đỉnh 1 đến đỉnh 4: 1 -> 4


04/01_16:12
Ma trận kề:
 [[ 0.  5. 10.  9.  0.  0.  0.]
 [ 0.  0.  1.  0.  0.  0.  0.]
 [ 0.  0.  0.  0.  8.  0.  0.]
 [ 0.  0.  3.  0.  0.  0.  0.]
 [ 1.  0.  0.  0.  0. 12.  0.]
 [ 0.  0.  0.  2.  0.  0.  6.]
 [ 0.  0.  0.  0.  0.  2.  0.]]

Đường đi ngắn nhất từ đỉnh 2 đến đỉnh 7: 2 -> 3 -> 6 -> 5 -> 7


04/01_16:12
Ma trận kề:
 [[ 0.  5. 10.  9.  0.  0.  1.]
 [ 0.  0.  1.  0.  0.  0.  0.]
 [ 0.  0.  0.  0.  8.  0.  0.]
 [ 0.  0.  3.  0.  0.  0.  0.]
 [ 1.  0.  0.  0.  0. 12.  0.]
 [ 0.  0.  0.  2.  0.  0.  6.]
 [ 8.  0.  0.  0.  0.  2.  0.]]

Đường đi ngắn nhất từ đỉnh 1 đến đỉnh 5: 1 -> 7 -> 5


04/01_16:13
Ma trận kề:
 [[ 0.  5. 10.  9.  0.  0.  1.]
 [ 0.  0.  1.  0.  0.  0.  0.]
 [ 0.  0.  0.  0.  8.  0.  0.]
 [ 0.  0.  3.  0.  0.  0.  0.]
 [ 1.  0.  0.  0.  0. 12.  0.]
 [ 0.  0.  0.  2.  0.  0.  6.]
 [ 8.  0.  0.  0.  0.  2.  0.]]

Đường đi ngắn nhất từ đỉnh 1 đến đỉnh 4: 1 -> 4


04/01_16:14
Ma trận kề:
 [[ 0.  5. 10.  9.  0.  0.  0.]
 [ 0.  0.  1.  0.  0.  0.  0.]
 [ 0.  0.  0.  0.  8.  0.  0.]
 [ 0.  0.  3.  0.  0.  0.  0.]
 [ 1.  0.  0.  0.  0. 12.  0.]
 [ 0.  0.  0.  2.  0.  0.  6.]
 [ 0.  0.  0.  0.  0.  2.  0.]]

Đường đi ngắn nhất từ đỉnh 1 đến đỉnh 5: 1 -> 3 -> 6 -> 5


04/01_16:14
Ma trận kề:
 [[ 0.  5. 10.  9.  0.  0.  0.]
 [ 0.  0.  1.  0.  0.  0.  0.]
 [ 0.  0.  0.  0.  8.  0.  0.]
 [ 0.  0.  3.  0.  0.  0.  0.]
 [ 8.  0.  0.  0.  0. 12.  0.]
 [ 0.  0.  0.  2.  0.  0.  6.]
 [ 0.  0.  0.  0.  0.  2.  0.]]

Đường đi ngắn nhất từ đỉnh 1 đến đỉnh 4: 1 -> 4


04/01_16:14
Ma trận kề:
 [[ 0.  5. 10.  9.  8.  0.  0.]
 [ 0.  0.  1.  0.  0.  0.  0.]
 [ 0.  0.  0.  0.  8.  0.  0.]
 [ 0.  0.  3.  0.  0.  0.  0.]
 [ 1.  0.  0.  0.  0. 12.  0.]
 [ 0.  0.  0.  2.  0.  0.  6.]
 [ 0.  0.  0.  0.  0.  2.  0.]]

Đường đi ngắn nhất từ đỉnh 1 đến đỉnh 4: 1 -> 4
