

10/01_08:45
Ma trận kề:
 [[ 0.  5. 10.  9.  0.  0.  0.]
 [ 0.  0.  1.  0.  0.  0.  0.]
 [ 0.  0.  0.  0.  8.  0.  0.]
 [ 0.  0.  3.  0.  0.  0.  0.]
 [ 1.  0.  0.  0.  0. 12.  0.]
 [ 0.  0.  0.  2.  0.  0.  6.]
 [22.  0.  0.  0.  0.  2.  0.]]

Đường đi có trọng số nhỏ nhất: {(1, 2): 5, (2, 3): 1, (3, 6): 8, (6, 5): 12}, trọng số 26


10/01_08:45
Ma trận kề:
 [[ 0.  5. 10.  9.  0.  0.  0.]
 [ 0.  0.  1.  0.  0.  0.  0.]
 [ 0.  0.  0.  0.  8.  0.  0.]
 [ 0.  0.  3.  0.  0.  0.  0.]
 [ 1.  0.  0.  0.  0. 12.  0.]
 [ 0.  0.  0.  2.  0.  0.  6.]
 [22.  0.  0.  0.  0.  2.  0.]]

Đường đi có trọng số nhỏ nhất: {(3, 6): 8, (6, 1): 1, (1, 4): 9}, trọng số 18


10/01_08:46
Ma trận kề:
 [[ 0.  5. 10.  9.  0.  0.  0.]
 [ 0.  0.  1.  0.  0.  0.  0.]
 [ 0.  0.  0.  0.  8.  0.  0.]
 [ 0.  0.  3.  0.  0.  0.  0.]
 [ 1.  0.  0.  0.  0. 12.  0.]
 [ 0.  0.  0.  2.  0.  0.  6.]
 [22.  0.  0.  0.  0.  2.  0.]]

Đường đi có trọng số lớn nhất: {(3, 6): 8, (6, 5): 12, (5, 7): 6, (7, 1): 22, (1, 4): 9}, trọng số 57
